line
0 0 0 100 0 0
line
100 0 0 100 100 0
line
100 100 0 0 100 0
line
0 100 0 0 0 0
line
0 0 100 100 0 100
line
100 0 100 100 100 100
line
100 100 100 0 100 100
line
0 100 100 0 0 100
line
0 0 0 0 0 100
line
0 100 0 0 100 100
line
100 100 0 100 100 100
line
100 0 0 100 0 100
ident
scale
2 2 2
apply
ident
move
100 100 0
apply
ident
rotate
z 20
rotate
x 20
rotate
y 20
apply
ident
move
100 50 0
scale
0.5 1.25 0.5
rotate
z -40
apply
line
0 0 0 100 0 0
line
100 0 0 100 100 0
line
100 100 0 0 100 0
line
0 100 0 0 0 0
line
0 0 100 100 0 100
line
100 0 100 100 100 100
line
100 100 100 0 100 100
line
0 100 100 0 0 100
line
0 0 0 0 0 100
line
0 100 0 0 100 100
line
100 100 0 100 100 100
line
100 0 0 100 0 100
line
300 0 0 400 0 0
line
400 0 0 400 100 0
line
400 100 0 300 100 0
line
300 100 0 300 0 0
line
300 0 100 400 0 100
line
400 0 100 400 100 100
line
400 100 100 300 100 100
line
300 100 100 300 0 100
line
300 0 0 300 0 100
line
300 100 0 300 100 100
line
400 100 0 400 100 100
line
400 0 0 400 0 100
ident
rotate
x 10
rotate
y 10
move
20 80 20
apply
line
150 450 0 450 450 0
display
save
pic.png
